171
ftv170.xml
3822
112
0
1
2
77
73
170
49
50
51
52
53
43
55
54
58
59
60
61
68
67
167
70
87
69
85
86
84
71
66
63
64
56
57
62
65
88
153
154
89
90
91
94
96
97
99
98
95
92
93
166
108
107
106
105
165
163
100
102
103
117
118
119
120
121
122
123
162
101
104
114
109
113
164
127
126
125
124
129
128
130
131
132
133
134
141
6
7
8
9
10
76
74
75
11
12
18
19
158
32
22
23
26
27
28
29
30
31
33
34
156
40
39
38
37
35
36
157
41
155
42
45
44
46
47
48
168
72
78
82
79
80
81
3
4
5
169
111
110
83
20
16
17
21
24
25
150
160
151
152
142
143
144
140
149
148
147
137
136
138
135
139
14
13
15
159
161
115
116
146
145
112
