171
ftv170.xml
3811
138
139
140
141
134
131
133
169
110
93
92
91
94
96
97
165
104
114
115
116
117
118
119
121
120
102
103
163
99
98
101
100
162
123
122
124
129
136
137
146
145
144
143
142
152
151
14
15
159
16
17
18
19
20
38
39
45
46
48
170
73
37
75
11
10
76
74
12
13
21
29
28
27
26
22
32
158
36
157
33
34
35
156
155
41
42
44
40
43
55
54
58
59
1
2
4
83
69
63
64
57
61
66
65
56
62
68
67
167
70
154
90
89
88
153
50
49
168
72
77
78
82
79
80
81
0
3
5
112
113
164
127
126
125
128
130
132
6
7
8
9
111
109
108
166
107
106
105
95
87
86
85
84
71
60
51
52
53
47
31
30
23
24
25
161
160
150
149
148
147
135
138
