358
rbg358.xml
1373
83
219
196
102
272
36
29
108
344
291
240
327
276
182
262
332
323
351
99
286
124
118
95
156
60
206
230
103
194
67
183
184
253
255
320
64
88
106
226
68
22
115
85
105
162
133
238
312
331
169
348
292
163
56
188
165
329
146
139
271
245
86
346
290
232
52
171
213
70
109
273
45
2
54
185
62
177
340
189
113
268
89
192
30
249
175
247
49
97
208
5
307
40
190
278
76
1
142
352
223
178
176
112
100
298
50
164
218
274
266
151
143
263
27
325
211
241
275
191
248
237
355
6
246
15
7
284
242
180
34
9
197
157
198
252
335
317
132
104
98
63
47
342
285
126
202
120
130
349
101
236
186
107
94
136
295
193
239
21
305
181
114
345
289
167
145
81
33
43
338
53
179
173
321
356
216
222
148
302
281
296
299
161
152
116
93
8
84
32
31
140
110
304
134
155
82
259
260
270
337
258
231
20
350
210
265
279
308
92
311
214
234
199
316
224
339
204
26
343
287
80
0
135
322
150
195
233
19
328
61
117
66
14
235
293
228
71
277
225
11
244
357
334
203
73
280
159
3
111
141
127
131
310
10
282
200
35
42
37
28
168
256
160
147
90
39
313
128
294
41
74
79
77
18
319
257
187
205
137
158
149
91
129
212
333
16
48
354
251
174
25
38
227
315
55
51
78
69
229
309
314
72
172
17
13
121
122
23
75
209
4
44
207
119
267
326
96
154
297
217
201
166
153
65
24
138
215
46
353
221
303
301
324
306
336
269
254
318
300
144
123
58
261
330
243
220
250
12
283
347
288
59
125
170
264
341
57
87
83
