358
rbg358.xml
1363
135
39
357
273
90
305
40
4
44
91
10
27
16
17
13
3
164
218
321
260
55
34
9
249
35
18
329
64
36
29
337
137
37
28
24
187
205
180
47
79
45
25
12
48
11
15
246
6
81
284
7
145
56
23
209
233
98
97
208
63
19
20
124
78
5
104
114
298
248
239
0
58
243
51
67
95
52
171
53
59
125
116
66
14
155
118
146
190
297
99
157
26
112
103
72
172
315
259
320
214
76
1
304
77
42
198
219
106
181
328
61
86
165
299
144
123
339
276
192
236
283
347
83
92
275
191
230
60
89
182
207
93
32
31
80
196
87
288
119
267
54
100
333
122
303
200
126
202
102
210
265
226
194
74
245
128
293
120
129
185
75
326
334
130
111
101
132
316
224
134
82
253
136
85
84
33
183
173
108
290
138
38
139
271
310
140
110
197
142
109
96
286
107
193
153
65
168
266
43
215
308
212
50
352
319
257
163
115
292
70
295
94
68
22
158
149
241
189
342
282
274
159
121
285
161
152
335
147
162
133
170
174
8
244
151
349
141
167
2
57
169
348
343
313
240
46
296
195
175
307
258
177
150
216
178
184
223
179
356
331
186
346
270
206
204
88
235
188
211
262
332
272
203
73
280
127
131
176
281
324
279
338
213
222
278
251
217
201
166
154
322
312
301
340
238
354
277
302
311
220
250
113
317
221
199
71
314
229
309
325
350
300
225
294
117
252
344
291
41
330
261
242
306
336
269
156
30
323
351
228
327
256
318
231
148
49
353
287
237
355
105
255
234
247
69
21
345
289
227
143
254
160
268
263
264
341
62
232
135
