20
-1 46 22 39 45 49 24 8 23 12 34 40 25 21 47 21 46 30 22 17 
41 -1 41 29 37 23 27 12 11 46 13 10 7 41 16 23 29 27 22 24 
30 44 -1 43 11 7 8 38 34 26 21 43 33 37 19 42 47 17 39 43 
26 39 18 -1 36 25 10 47 23 6 45 37 9 18 46 5 10 29 30 10 
26 11 8 43 -1 14 28 14 24 41 10 21 46 31 33 29 44 16 33 7 
33 13 17 29 31 -1 23 25 9 8 29 35 32 16 43 26 31 40 19 42 
20 29 7 8 17 47 -1 6 20 31 11 40 22 35 9 31 42 40 30 26 
39 21 15 17 46 12 47 -1 27 7 38 38 10 49 39 43 16 8 37 21 
16 30 38 13 5 16 47 40 -1 45 19 44 22 43 8 15 41 7 10 36 
16 19 45 11 41 38 29 8 9 -1 6 14 13 24 8 43 20 13 42 22 
43 48 38 33 37 41 5 7 48 24 -1 49 16 40 41 40 34 9 16 33 
23 19 33 44 34 9 37 5 15 38 38 -1 18 17 24 13 28 5 8 8 
20 46 43 31 19 13 24 27 47 47 48 12 -1 13 19 15 7 43 31 20 
33 36 41 7 29 22 35 38 16 42 31 25 43 -1 39 32 44 26 16 8 
22 26 36 34 7 41 42 49 40 7 40 40 38 9 -1 46 23 41 29 5 
48 12 15 22 30 48 21 47 47 27 22 34 44 31 49 -1 46 14 33 32 
10 30 19 39 21 22 45 20 33 23 34 8 39 36 42 24 -1 9 27 26 
39 18 25 17 36 31 45 13 42 40 44 29 6 46 21 31 28 -1 43 15 
5 33 17 13 37 25 43 41 21 33 26 42 36 9 26 22 24 6 -1 5 
25 18 31 34 19 17 29 23 49 14 40 25 44 6 38 24 37 13 28 -1 